335877	525
28673	507
309249	437
69639	198
83975	400
88071	927
245772	926
249874	521
8209	610
327702	874
284690	730
231444	494
272408	395
124956	360
331802	27
135200	172
57379	105
167974	24
253995	890
102440	920
176168	448
36909	87
174130	370
219187	638
196656	746
71732	392
221236	292
90168	524
430140	553
319545	63
180287	254
313402	242
237628	560
229443	641
112707	225
73797	85
51270	842
385100	936
120906	261
280649	222
30799	904
260178	16
98384	64
340052	555
198737	974
32851	784
4180	869
426078	334
49240	404
290909	165
411740	188
155741	39
231516	675
403558	40
96352	537
12386	477
221284	659
448618	160
413801	514
282742	299
372855	439
417908	598
36979	159
211056	860
321648	921
139386	773
278654	50
397437	895
100485	420
362625	592
393347	871
182405	342
20615	531
88198	696
104584	280
190605	175
293015	510
374934	839
438419	185
307347	135
186521	324
67742	227
309403	286
12447	980
225443	486
77984	567
63650	19
364710	799
180390	975
32934	442
196773	459
143525	815
204970	206
243882	751
415916	199
164009	606
14509	843
159917	78
290997	99
114864	939
262326	191
151729	631
192693	976
340157	48
49336	268
399548	388
166086	345
245958	768
6342	760
248004	86
24775	157
82118	479
405708	858
194767	447
274634	193
252115	744
139475	666
231632	306
170193	853
319696	941
338129	949
250072	523
440537	595
327898	702
387301	828
282850	81
84202	83
112877	565
125164	691
397544	942
45296	772
133360	359
313585	958
127223	252
385267	583
162037	418
22782	122
401656	615
215297	841
307459	546
35079	868
151823	759
176396	506
186637	330
276756	849
227600	367
299282	296
407825	596
346393	866
229662	742
100640	599
215330	693
448804	557
297249	547
291106	771
69929	500
184617	212
336169	894
121132	491
237870	597
141612	468
364852	263
389438	274
262456	385
344378	265
47425	164
362817	318
168262	366
385346	91
49479	724
20809	467
399695	611
360777	71
405834	128
264520	668
207190	110
366931	620
180569	707
276826	550
358756	249
98661	278
217447	764
409955	202
313711	684
348526	845
110957	346
102766	393
350583	312
194939	236
223608	343
256376	959
61820	109
227711	402
16766	344
231819	519
115080	484
74125	108
145806	115
182671	712
223630	998
211350	618
266641	923
424337	499
278941	133
289182	482
323999	229
219544	273
108954	478
328094	562
385438	594
354712	613
39325	810
438681	995
33184	35
330149	683
213409	965
174500	963
242091	323
338348	561
319913	827
125369	575
104890	209
20923	357
166329	625
121280	281
250305	417
276930	433
285122	532
137679	640
414155	667
197068	480
55759	911
260563	492
143824	902
133594	982
78299	678
27103	371
387557	373
248292	453
236004	455
391658	22
389621	49
408050	476
446960	986
12791	633
25085	383
442872	124
238076	729
418311	632
513	700
311813	967
231940	983
61960	179
377358	763
246280	821
313864	121
258579	901
367127	337
158230	722
150036	498
14878	837
16927	37
342554	267
25120	672
193058	793
119328	885
51748	277
184871	680
49702	332
164388	881
369197	690
23083	682
207405	132
205362	403
322102	873
96821	361
391731	655
150069	992
393790	374
107065	609
88633	697
301629	626
139832	207
275007	714
148025	877
219710	76
401977	28
348730	443
182850	215
19011	381
117314	464
25155	673
328258	155
225867	571
264776	758
371275	216
318046	248
16987	67
299610	295
223840	25
166497	88
449122	176
283234	543
152170	779
119406	405
195184	812
328310	646
451187	101
270963	394
64121	681
303736	907
227966	230
434808	916
148093	123
68225	692
416390	848
178823	17
111236	856
21125	931
199304	98
37524	72
291472	431
31381	293
381599	221
225949	46
53920	711
244390	190
39590	304
217771	726
27305	705
305833	530
80559	178
144048	111
49845	270
389820	320
158393	125
209592	574
193215	260
185021	158
334522	290
348869	607
88769	665
254658	182
393921	161
428750	147
25288	226
355019	957
445142	813
60114	909
250576	362
266973	917
303837	955
357086	112
228056	677
436952	988
94942	817
736	865
6882	438
316129	913
99047	456
314095	173
320234	43
13038	389
105199	643
430838	70
318198	289
350966	62
262896	559
154362	903
387838	805
363259	617
172796	797
346875	883
240386	253
47875	168
246535	399
305922	275
426753	654
207627	107
338701	777
51978	284
199433	979
56078	118
21264	785
379668	139
193299	713
115472	803
312087	415
178967	734
408337	401
43800	471
230174	679
70430	518
295716	846
281380	905
35618	411
121636	586
416558	15
62252	325
326443	256
101166	829
359220	441
23346	458
178993	997
107317	142
127796	792
228149	651
398141	102
123711	487
19264	146
252742	857
224069	826
236357	908
299848	483
54092	718
414539	552
316241	572
222038	647
205658	922
361319	445
150369	789
64356	257
154471	288
244585	41
76650	169
95082	723
37740	943
324464	352
138103	590
306044	127
400255	130
349049	766
433018	767
246654	364
215933	461
86917	218
197508	138
70544	369
45969	469
289687	882
304016	748
420755	940
363410	585
406430	915
261023	450
291737	945
84894	205
927	788
160669	954
250787	410
113568	145
23457	503
109475	333
236448	727
367520	424
377763	232
344995	802
375726	775
451496	605
322487	878
263088	807
439219	770
29622	283
125879	302
211899	372
127928	42
91067	774
230328	699
152508	851
359355	972
173002	761
97224	237
226250	386
304079	981
193487	608
115663	698
166860	937
154573	309
392148	776
27602	867
181201	356
441301	728
86994	991
105428	505
3030	384
412634	223
271320	414
429016	322
279525	340
340967	380
275431	603
267233	948
402413	570
58353	335
168951	790
9212	162
240638	669
369668	900
17413	695
37893	930
429070	686
283662	757
5135	533
404502	1
164880	285
87058	259
298001	886
334877	932
62495	538
336933	120
265252	602
332836	966
414754	7
173092	315
23595	311
150574	889
48174	390
349226	969
242739	796
384052	194
306229	195
89145	376
121912	634
33852	928
273476	703
388167	612
60486	269
134213	919
347212	9
435276	716
230472	933
410697	187
162893	493
425046	513
97360	358
154710	97
58453	589
248918	743
451679	650
83035	838
300121	338
418905	52
44127	769
29792	754
72800	835
80994	428
351331	964
85097	526
167016	152
369775	350
287854	996
228456	786
130156	217
431208	69
312436	151
15473	832
19569	952
279670	3
384113	51
414835	113
248953	978
142462	355
437370	407
74877	880
400504	398
273540	239
404615	870
236673	287
294022	554
185472	657
382086	116
218240	184
87170	568
441473	587
107657	314
341132	84
56457	397
165001	512
78993	582
205975	45
191638	90
150679	243
212127	5
93341	563
328858	509
390308	623
68773	53
398499	454
326819	44
222379	8
5290	627
21675	276
214184	375
349358	879
101548	313
263348	154
105648	74
60593	258
150707	676
322738	511
289971	897
119995	968
308415	136
160953	177
140473	529
294072	331
406713	944
242883	0
144578	140
66755	180
253124	800
222411	300
185547	502
259279	327
412875	317
17614	416
25806	463
7377	556
128212	736
175316	348
154837	10
244955	884
249055	451
72925	731
355545	765
169181	527
163042	59
247015	999
281837	305
292078	520
77043	2
218353	660
361718	183
122105	297
52472	497
445691	377
87295	4
179459	863
431364	29
369926	282
208133	495
374029	351
177419	629
29961	787
376078	387
105738	962
277771	95
228626	279
206096	717
240918	100
46357	446
419102	247
191770	621
109848	298
261401	887
91425	872
236836	732
19753	6
5422	624
140589	569
199992	219
30014	628
136509	899
314693	220
13635	96
58695	201
234827	517
369997	542
267596	663
132424	244
107850	656
316745	794
179538	240
290132	549
97618	645
304464	593
120149	993
200027	661
21854	150
130405	912
402798	540
44393	192
300399	573
335210	231
220539	664
263549	148
19835	13
388473	430
367992	466
433539	55
142729	862
23950	166
253325	541
187789	635
333205	94
46483	674
118165	864
413072	241
429470	925
89499	840
228760	687
193945	689
437658	688
288154	354
15777	578
234913	68
251296	65
75173	432
239014	353
152997	54
277933	301
103852	77
77233	126
245171	308
212402	264
296374	106
34227	781
105908	382
5557	614
93620	804
216501	481
185781	339
257471	515
177596	662
169418	262
318926	156
230863	591
259537	117
312790	210
241105	516
97749	719
392659	836
273884	720
351708	694
179672	971
56794	973
177625	685
437722	104
202206	914
413159	31
36322	918
368096	753
112104	604
394732	737
65006	994
251372	224
433655	307
28146	200
165360	642
425460	831
218608	141
58870	536
409086	795
11772	131
198141	119
110089	321
87564	745
349707	73
370197	501
204307	854
314901	329
257554	435
220694	60
181783	316
116248	82
222745	472
167448	653
228894	670
149026	408
239137	652
255524	36
443951	92
357929	326
345641	551
265769	291
241197	272
192049	738
63030	535
106038	153
290364	58
5688	580
419391	588
339524	741
378438	600
226880	855
280128	960
382531	891
261705	852
347732	485
349782	266
15956	709
411219	811
34390	233
136789	888
83544	452
269918	756
302686	819
140894	830
138850	197
200297	508
95850	474
392808	616
310891	363
151154	951
104053	250
192117	809
413310	61
46712	462
102008	539
128635	970
251512	144
380538	23
177795	79
24193	715
91778	427
99973	440
32392	601
173707	211
415372	47
407181	833
89741	622
44684	984
374410	892
351893	203
421524	271
171665	706
360082	924
28317	26
163484	739
323227	579
337562	824
159395	545
202407	149
175783	489
71334	426
368302	558
356014	648
274089	750
210605	170
151226	644
394940	522
290489	429
5821	630
186050	544
358085	564
97984	735
69314	961
79557	473
452290	896
384718	844
73421	30
3789	436
196304	214
423634	174
257748	396
161493	496
98010	990
104157	246
276185	977
138976	33
116451	987
93927	528
30440	861
218858	406
120555	859
87786	935
319208	778
323316	733
122613	814
317171	801
220922	488
329471	850
235260	725
157443	204
194307	235
100100	18
298767	425
159502	938
364299	14
327443	791
407324	755
75546	38
415514	946
243486	93
200482	208
67362	89
349990	336
50980	80
296750	171
114474	228
77612	457
38706	56
155441	747
87858	985
313149	825
10044	701
331576	34
210750	167
106304	341
366407	238
339782	163
96068	57
143173	422
433985	470
425806	234
409418	465
286548	649
329553	708
163670	740
448337	752
438110	189
413530	490
376664	460
294746	75
159586	294
333669	378
135009	181
266082	875
1895	820
401262	213
307053	704
149352	710
180073	310
255855	251
22384	365
251760	196
26486	847
36727	504
130934	816
145274	129
280444	783
259960	566
147327	412
73603	143
262016	114
214912	721
61316	409
137092	449
403340	762
225160	671
386955	32
128910	953
153490	637
440210	444
343954	818
63384	21
110489	584
429983	134
292766	419
247705	619
227230	421
161695	910
112543	434
278437	581
239521	934
303015	834
438178	379
79786	347
341931	893
223157	798
358333	947
417727	548
55228	780
118717	906
206782	11
372666	475
384967	20
169920	534
51138	658
346054	319
149444	137
300995	103
128968	12
315341	749
141262	391
374728	823
188375	577
47063	898
38874	245
26586	303
298974	413
382936	576
389080	876
307162	328
235485	782
337892	950
415712	639
42982	822
294892	636
348137	423
198642	349
380918	186
145398	66
296958	929
442365	806
217087	255
79869	368
255998	956
77820	989
92158	808
